0000100101010010010000000
1010100000100100100000000
1010001001000101010100000
1010101001010100100000000
1010010010001010100000000
1010010010010010000000000
0100010001010101000000000
1010100101010100100000000
1010101001001001010000000
1010101001010101010100000
1010010000101001010000000
1010010100010101010000000
1010001001010101010101010
0010010100001010101010000
1010100100010101001000000
0100100101010010100000000
1010101000101010001000000
1010001001001000100000000
1000101010100010101000000
1010101010100001010000000
0010001010100010100000000
0000010100000101010101000
1010001000101000100000000
1010101010101001010101000
1000101001010101000100000
1010101010001010101001000
1001010000000010000000000
1010010101001010010000000
0010010101001000010000000
0101010001001001000000000
0010010100010010010100000
1010101010100101001000000
1010101001001000000000000
1010010010101010101000000
0010010100101000101010000
0100010010010101000000000
1010101010100101000100000
1010101010101010010000000
1010000010101010001010000
1010101000000001000000000
0000101001010101010100000
0010101001001000100000000
0010010000010101001010000
1010101001000100100000000
1010100010101010001010000
1010101010001000000101000
1010101000100001010100000
0000000101010101010000000
1000000101000101010010100
1010001010101010101000000
1010101001001000100000000
1010000010101010000000000
1010101001001010100000000
1001010101010010100000000
1010010000101010010000000
0000101010001000100100000
1010001001010100100000000
1010101001010001010101000
1010101010101001010100000
1010001010100100000000000
1010010101010100100000000
1001010010101000101000000
1010010101010101010100000
0010101001000000010000000
1010010001001010010000000
1010010101010101010000000
0100010010000001000000000
1010010000010001000000000
1010001000000010100000000
0001010101010101010000000
1000101010100001010010000
1010100101010100100000000
0101010010101010010000000
0000010001010100100000000
0010101010100101010000000
1010101000101010000000000
1010010101001010010000000
1000010101000100100000000
1010010101010101010000000
1010101000010100100000000
1010101010001010010001000
1010101001010100001000000
1010101010100100100000000
0101010001010101010000000
1010101010100100010000000
1010001000100101010000000
1010101001010101010000000
1010101001001010101000000
0100100101010000010000000
1010101001000101000000000
1010100000101010100100000
1010001010100101010000000
1010001001000101000000000
1010010010101000100000000
1010010101001001000000000
1010010100000100100000000
1000000010101010010000000
0101010010101001000000000
1010101010101010010000000
1010101010100101010000000
1000010000101010100000000
0010000100000000101000000
1010010010001010010000000
1010101001001001000000000
0000000000000010000000000
1010010010101000100000000
1010001010101010100000000
0101010101001010100000000
1010101001010100100000000
1010000100100010101000000
1010101010100100100000000
1010101001001000100000000
1001010100010010000000000
0010010001010101010000000
1000010010101010101000000
0000000101010010001000000
1001010010101001000000000
1001000100100010100000000
1010100010101010010000000
1010101010100100100000000
1010010001001010100000000
0000010001001001000000000
1010101001010101010000000
1000101010101010101000000
1010000010101001000000000
1010101001010100010000000
1010101010100001001000000
1010010101010100010000000
1010010101010101000000000
1010101001010101000100000
1010101010100010100100000
1001000101010101000010000
1010001001000000100000000
0000101010010101000001000
1010001010001001000000000
0000100100010010010000000
1010101000010100010000000
1010000001000100100000000
1010010101001000000000000
1010101010101010101000000
1000001000101010100000000
0010000100101010000000000
1010010101010101010000000
0100101010010001000000000
0100101010101000000000000
1010101010101010001000000
1010100001000100100000000
1100100101010000101000000
1000100101010010101000000
0100101010101001010000000
0000100100010010000000000
1010001010101010010000000
1010001001010010000010000
0001010100010101010001000
0010010000001010100100000
1010101010100100101000000
0000000101000100101010000
1010101001010010010000000
1010101000010100101000000
1010101010101000101000000
0010001001000100100000000
0010010010010010100000000
1010101001000010100000000
1010001001001001010000000
1010101010100101010000000
0101010100010101000000000
0101010101000010100000000
1010101010101010010000000
1010010101000100100000000
1010101010010100101000000
1010101010101000000000000
1010101000001000101010000
1001010010101001000000000
0001010101010101010101000
1000010101000101000000000
1010000000101010101000000
1010010101001000000000000
1010101010100101010100000
1000000001010100100000000
1010000100100010000000000
1010101000000100100000000
1010101001000010010000000
1010010101010100010000000
1010001010100101010000000
1010101010101001000100000
1010010010001010100000000
0010010000001010010000000
1010101010101001000100000
1010001010100100010000000
0100000101010100100000000
1010001010100010101000000
1010001010101010010000000
0010101010100100100000000
1000101000010101010000000
1001010101010101010100000
1010101010101010101010000
0010100010101010100100000
1010001001010101010100000
0010101000010010000000000
0010101010100100010000000
0101010101010100100000000
1010101010101010010000000
1010001000101010000000000
