10101010010010101000000000
10101010010000010100000000
10101010010010010000000000
10001000101010101000000000
10101010101001010100000000
00000010100010010101000000
10101010101001000100000000
10100101010001001000000000
10101010101010100100000000
10100100010001001000100000
10101010010101010100000000
10101010010101010100000000
10100010010000100000000000
10101010001001000100000000
00101010101010101010000000
10101010001000000100000000
10010000010101010100000000
10100010010010010000000000
10100101001000101010000000
10100010001000000010100000
10100100100101010000000000
10101000001001000100000000
10100101010101010100000000
10000000000100101010000000
10100010101010101010000000
10101010100101000100000000
00101010001010101010000000
10001010100100100000000000
10101010101010101010000000
00100101010001010101010000
10100100010101010100000000
00101010000100101010100000
00000010010001001000000000
10100100100010100000000000
10010100010010010000000000
10000100100100010000000000
10100100010001000100000000
10001000000000101000000000
10010100010001010000000000
10100101010101001010100000
00100101010101000100000000
10100101010000101000000000
00101010001001010101000000
10100100000010010000000000
10101010000000010001000000
00000101010001010010000000
10010101001000100100000000
10101010010101010100000000
10100100101010101000000000
10100010010000000001000000
10101010010101010100000000
01000100101010101000000000
10101010101010100010000000
00101010101010100100000000
00101010101010101010000000
00101010101010101010000000
10000001001010100100000000
10000001010101010010000000
10000100100010101000000000
10101010101000101010101000
10100010010000101000000000
10101000001001010100000000
00100101001001010100000000
10100010010001010100000000
10100010000100100000000000
10100101010010100100000000
10100010010000000010000000
01001010100101010000000000
10101010010000000000100000
10100100010101010010001010
00100101010001010100000000
10101010001000010100000000
00101010000000001010100000
10101010010010101000000000
10101000001010101000000000
10100000001000001010100000
00101010101001000100000000
10100100101000100100000000
10101000000100100010000000
10100100010101001000100000
10100101010010101000000000
10100001010101010010000000
10101010001010100100000000
10000101010001000100000000
10101010010001010000000000
10100100100100100000000000
10101010010101001000000000
10100010101000100010000000
10010000010000010101000000
00100100010000000000101000
10101001000100101010000000
10100101010101001000000000
10001000001010100100000000
10101010001010101010000000
00101010010010101000000000
10100000010101000100000000
10100100100010001000000000
10101010001001000100000000
00101010010010101000000000
10101010101010101010101000
