1010001001000100
1010101010001000
1001000000000000
1010101010100000
1010101001010100
1001000000000000
1001000000000000
1001000000000000
1001000000000000
1001000000000000
0100101010100100
1010101000000000
1001000100010000
0010000000000000
1001000000000000
1001010000000000
1001010000000000
1000101000000000
1000101010000000
1000101000000000
1000101000000000
1001000100000000
1010100000000000
1010001001000100
1010101010001000
1001000000000000
1010101010100000
1010101001010100
1001000000000000
1001000000000000
1001000000000000
1001000000000000
1001000000000000
0100101010100100
1010101000000000
1001000100010000
0010000000000000
1001000000000000
1010000000000000
1010000000000000
1010010100000000
