1010101010101010101000000
1000001010100100010000000
1001010010001001000000000
1010010010000001000000000
1010001010101010001000000
0100010101010100010000000
0000001010101010001000000
0010101010001000100101000
1010010101010100100000000
1010101010101010001000000
1000100100010010000000000
1010101001010100100000000
0010100010000001001010000
0100010101001001000000000
0010010101001001000000000
0010010101001001000000000
1010101001000100100000000
1010101000100100101000000
1010101010101010010000000
1010101000100001000000000
1010010101001001000000000
1010101010101010010000000
1010001001001001000000000
1010101001001010100000000
1010101000010000000000000
1010101010100100100000000
1010101010100100100000000
0010100000100100100000000
1001010001001010100000000
1001010101010101010000000
1010101001010101010000000
1010010001001010100000000
0010100001001000100000000
1010010101001001000000000
1001010010101010100000000
0010101010010101001000000
1010100010100100101000000
0010001010101010101000000
1010010101000100100000000
1010101010010001001000000
1010100010010101010010000
1010010000100010000000000
0010000001001000100000000
1010101001010101010000000
1010001010101010001000000
1010000000001001000000000
1010010010001000100000000
1010101001000100010000000
1000100001010001000000000
0010101000100100010000000
1010001010101010101000000
1010000010001010000000000
1010001001010100100000000
1010101001010100010000000
1010101000000000010000000
1010101001000000000000000
0010010010010001000000000
1000010100010101010101000
1010101010101010101000010
1010001001000100101000000
1010101000010100010000000
1000101001001001000000000
