0000100101010010010000000000000000000
1010100000100100100000000000000000000
1010001001000101010100000000000000000
1010101001010100100000000000000000000
1010010010001010100000000000000000000
1010010010010010000000000000000000000
0100010001010101000000000000000000000
1010100101010100100000000000000000000
1010101001001001010000000000000000000
1010101001010101010100000000000000000
1010010000101001010000000000000000000
1010010100010101010000000000000000000
1010001001010101010101010000000000000
0010010100001010101010000000000000000
1010100100010101001000000000000000000
0100100101010010100000000000000000000
1010101000101010001000000000000000000
1010001001001000100000000000000000000
1000101010100010101000000000000000000
1010101010100001010000000000000000000
0010001010100010100000000000000000000
0000010100000101010101000000000000000
1010001000101000100000000000000000000
1010101010101001010101000000000000000
1000101001010101000100000000000000000
1010101010001010101001000000000000000
1001010000000010000000000000000000000
1010010101001010010000000000000000000
0010010101001000010000000000000000000
0101010001001001000000000000000000000
0010010100010010010100000000000000000
1010101010100101001000000000000000000
1010101001001000000000000000000000000
1010010010101010101000000000000000000
0010010100101000101010000000000000000
0100010010010101000000000000000000000
1010101010100101000100000000000000000
1010101010101010010000000000000000000
1010000010101010001010000000000000000
1010101000000001000000000000000000000
0000101001010101010100000000000000000
0010101001001000100000000000000000000
0010010000010101001010000000000000000
1010101001000100100000000000000000000
1010100010101010001010000000000000000
1010101010001000000101000000000000000
1010101000100001010100000000000000000
0000000101010101010000000000000000000
1000000101000101010010100000000000000
1010001010101010101000000000000000000
1010101001001000100000000000000000000
1010000010101010000000000000000000000
1010101001001010100000000000000000000
1001010101010010100000000000000000000
1010010000101010010000000000000000000
0000101010001000100100000000000000000
1010001001010100100000000000000000000
1010101001010001010101000000000000000
1010101010101001010100000000000000000
1010001010100100000000000000000000000
1010010101010100100000000000000000000
1001010010101000101000000000000000000
1010010101010101010100000000000000000
0010101001000000010000000000000000000
1010010001001010010000000000000000000
1010010101010101010000000000000000000
0100010010000001000000000000000000000
1010010000010001000000000000000000000
1010001000000010100000000000000000000
0001010101010101010000000000000000000
1000101010100001010010000000000000000
1010100101010100100000000000000000000
0101010010101010010000000000000000000
0000010001010100100000000000000000000
0010101010100101010000000000000000000
1010101000101010000000000000000000000
1010010101001010010000000000000000000
1000010101000100100000000000000000000
1010010101010101010000000000000000000
1010101000010100100000000000000000000
1010101010001010010001000000000000000
1010101001010100001000000000000000000
1010101010100100100000000000000000000
0101010001010101010000000000000000000
1010101010100100010000000000000000000
1010001000100101010000000000000000000
1010101001010101010000000000000000000
1010101001001010101000000000000000000
0100100101010000010000000000000000000
1010101001000101000000000000000000000
1010100000101010100100000000000000000
1010001010100101010000000000000000000
1010001001000101000000000000000000000
1010010010101000100000000000000000000
1010010101001001000000000000000000000
1010010100000100100000000000000000000
1000000010101010010000000000000000000
0101010010101001000000000000000000000
1010101010101010010000000000000000000
1010101010100101010000000000000000000
1000010000101010100000000000000000000
0010000100000000101000000000000000000
1010010010001010010000000000000000000
1010101001001001000000000000000000000
0000000000000010000000000000000000000
1010010010101000100000000000000000000
1010001010101010100000000000000000000
0101010101001010100000000000000000000
1010101001010100100000000000000000000
1010000100100010101000000000000000000
1010101010100100100000000000000000000
1010101001001000100000000000000000000
1001010100010010000000000000000000000
0010010001010101010000000000000000000
1000010010101010101000000000000000000
0000000101010010001000000000000000000
1001010010101001000000000000000000000
1001000100100010100000000000000000000
1010100010101010010000000000000000000
1010101010100100100000000000000000000
1010010001001010100000000000000000000
0000010001001001000000000000000000000
1010101001010101010000000000000000000
1000101010101010101000000000000000000
1010000010101001000000000000000000000
1010101001010100010000000000000000000
1010101010100001001000000000000000000
1010010101010100010000000000000000000
1010010101010101000000000000000000000
1010101001010101000100000000000000000
1010101010100010100100000000000000000
1001000101010101000010000000000000000
1010001001000000100000000000000000000
0000101010010101000001000000000000000
1010001010001001000000000000000000000
0000100100010010010000000000000000000
1010101000010100010000000000000000000
1010000001000100100000000000000000000
1010010101001000000000000000000000000
1010101010101010101000000000000000000
1000001000101010100000000000000000000
0010000100101010000000000000000000000
1010010101010101010000000000000000000
0100101010010001000000000000000000000
0100101010101000000000000000000000000
1010101010101010001000000000000000000
1010100001000100100000000000000000000
1100100101010000101000000000000000000
1000100101010010101000000000000000000
0100101010101001010000000000000000000
0000100100010010000000000000000000000
1010001010101010010000000000000000000
1010001001010010000010000000000000000
0001010100010101010001000000000000000
0010010000001010100100000000000000000
1010101010100100101000000000000000000
0000000101000100101010000000000000000
1010101001010010010000000000000000000
1010101000010100101000000000000000000
1010101010101000101000000000000000000
0010001001000100100000000000000000000
0010010010010010100000000000000000000
1010101001000010100000000000000000000
1010001001001001010000000000000000000
1010101010100101010000000000000000000
0101010100010101000000000000000000000
0101010101000010100000000000000000000
1010101010101010010000000000000000000
1010010101000100100000000000000000000
1010101010010100101000000000000000000
1010101010101000000000000000000000000
1010101000001000101010000000000000000
1001010010101001000000000000000000000
0001010101010101010101000000000000000
1000010101000101000000000000000000000
1010000000101010101000000000000000000
1010010101001000000000000000000000000
1010101010100101010100000000000000000
1000000001010100100000000000000000000
1010000100100010000000000000000000000
1010101000000100100000000000000000000
1010101001000010010000000000000000000
1010010101010100010000000000000000000
1010001010100101010000000000000000000
1010101010101001000100000000000000000
1010010010001010100000000000000000000
0010010000001010010000000000000000000
1010101010101001000100000000000000000
1010001010100100010000000000000000000
0100000101010100100000000000000000000
1010001010100010101000000000000000000
1010001010101010010000000000000000000
0010101010100100100000000000000000000
1000101000010101010000000000000000000
1001010101010101010100000000000000000
1010101010101010101010000000000000000
0010100010101010100100000000000000000
1010001001010101010100000000000000000
0010101000010010000000000000000000000
0010101010100100010000000000000000000
0101010101010100100000000000000000000
1010101010101010010000000000000000000
1010001000101010000000000000000000000
1010001010101010101000000000000000000
0100000010010010010100000000000000000
1000101000101000101001000101010101010
1010101010001010010100000000000000000
1010101010101010101000000000000000000
1010101000010100100000000000000000000
1010010101000010000000000000000000000
1100100100100101000000000000000000000
0101010010100010010000000000000000000
1010010010101010010000000000000000000
1010101001001010100000000000000000000
1010101010010101010000000000000000000
1010001001010101010000000000000000000
1010101001010100100000000000000000000
1000001010100100100000000000000000000
1010101010100000001000000000000000000
1010010101001010100000000000000000000
1001010010101001000000000000000000000
1010101010101001001000000000000000000
1010101010100001000000000000000000000
1010101010101010101010000000000000000
1010000010101010000000000000000000000
1001010101010101010000000000000000000
0101000101000010100000000000000000000
0101010101000000100000000000000000000
1010010101010100100000000000000000000
1010101010010101001000000000000000000
1010010010101000000000000000000000000
1010101001001010100000000000000000000
0010010101010101010000000000000000000
1010010101000010000000000000000000000
0010010001010100100000000000000000000
1001010010101001000000000000000000000
1010100101010101010100000000000000000
1000101010100000100000000000000000000
1010101010001010101010000000000000000
1010101000100001000000000000000000000
1010101010100010100000000000000000000
1010001010000010010000000000000000000
0001000100010101000100000000000000000
1000010101010010101000000000000000000
1010101001010100100000000000000000000
1010101010100101010000000000000000000
1010101010100001000000000000000000000
1010101000101000100000000000000000000
1010101010101001001000000000000000000
1010101001010100100000000000000000000
1001010100100000101000000000000000000
0100101010101010101000000000000000000
1010101010001010100010000000000000000
1010101001000100100000000000000000000
0100101010101000101000000000000000000
1010101010101000101000000000000000000
1001010101010100100000000000000000000
0010010010101010100000000000000000000
1010010101000001010100000000000000000
0010101001010100100000000000000000000
1000001000100101010000000000000000000
1010001010101010101010100000000000000
1010010010100001000000000000000000000
1010101000000100000100000000000000000
0010101010100100100000000000000000000
1010101001001001000000000000000000000
1010101001010001000000000000000000000
1000000010101000001000000000000000000
1010101001010100100000000000000000000
1010000010101001010100000000000000000
1010101001001000010000000000000000000
1010101001010001010000000000000000000
1010101010100100010000000000000000000
1010100010101010000100000000000000000
1010010100010001001000000000000000000
1010101010000100101000000000000000000
1010101010001001000000000000000000000
1010010001001010100000000000000000000
1000010010101000010000000000000000000
1010101000101010001000000000000000000
0000010000010010000000000000000000000
0101010010101010100000000000000000000
0100000100100100000000000000000000000
1010010010101001000000000000000000000
1010000010010101010000000000000000000
1000010010100100000100000000000000000
0000101010010100100000000000000000000
1010010101000001001000000000000000000
1010101001001010100000000000000000000
1010101001001010101000000000000000000
1010101010101010001000000000000000000
1010001010100010001000000000000000000
1010001010101010101010000000000000000
1010101001010101010100000000000000000
1001010010101010100000000000000000000
1010100000000001010000000000000000000
0000010001000010101010000000000000000
1010101010101000100010000000000000000
1000100010010100000000000000000000000
1001010010010001000000000000000000000
1010010000010101000100000000000000000
1010001001010100000000000000000000000
1010101010100100101000000000000000000
1010001010000010010000000000000000000
1010101001001001010000000000000000000
1010010101010101010000000000000000000
1010101010100010100000000000000000000
1010101010100001000000000000000000000
1000010010101010101000000000000000000
0101010101010101010000000000000000000
1010010101010010000010000000000000000
1010101010101010010000000000000000000
1010010101010010101000000000000000000
1010010101001000100000000000000000000
1010010101011001010000000000000000000
1010010100000001000000000000000000000
1010100101001010100000000000000000000
1010010101010100100000000000000000000
1010101010100101010000000000000000000
1010100010001010100000000000000000000
1000001001010100100000000000000000000
1010010101000101010000000000000000000
1010010000100101010000000000000000000
1010101010100010101000000000000000000
0010100000001010010001000000000000000
1010010010101000000000000000000000000
1010101001010001000100000000000000000
1000101010100101010000000000000000000
1010101010100100000100000000000000000
1010101010000001010100000000000000000
0010001010101010101000000000000000000
1000001010100101100000000000000000000
1000101010010001000000000000000000000
1010101001010100000000000000000000000
0010101010000001010001000000000000000
1010000000000100100000000000000000000
1010001001000010101000000000000000000
1010101010101000010101010000000000000
0010000000101010010100000000000000000
1010010010010010000000000000000000000
0010010001010001010000000000000000000
0000101010101010101000000000000000000
1010101000100000101010000000000000000
1010010101000101001000000000000000000
1000000101010101000100000000000000000
1010101010101001001000000000000000000
0100010010100000000000000000000000000
1010101001000101010100000000000000000
1001010010010101000000000000000000000
1010101010001001010100000000000000000
0101000100101000001000000000000000000
1010101010100101000000000000000000000
1001010101001001010000000000000000000
1001010001001010100000000000000000000
1010101000100100100000000000000000000
1000100100101010000000000000000000000
0010100000100010101000000000000000000
0000010100101010001000000000000000000
1010101010101010010000000000000000000
1010101010100101010000000000000000000
1010010010101010100000000000000000000
1010101001000000010000000000000000000
1010010101010101010000000000000000000
1000101001010101010100000000000000000
1010001001010101010100000000000000000
0000000010010001001000000000000000000
1010001001000001001000000000000000000
0101010000101001010000000000000000000
1010010001001001010000000000000000000
0010101010101000100100000000000000000
1010100010100100000010000000000000000
0010010001000100010000000000000000000
1010010010001010100000000000000000000
1010010010010010000000000000000000000
1000000101010100010101000000000000000
1010101010000000100000000000000000000
1010101001001010100000000000000000000
1010001010100101010000000000000000000
1010101000100100100000000000000000000
1010010010001000100000000000000000000
0000101000001000100100000000000000000
1010001010010010100100000000000000000
1001010101010100010000000000000000000
1010001010100101010000000000000000000
1010101001000000101000000000000000000
0010010100001001000000000000000000000
1010010101001001000000000000000000000
1010010101000100010000000000000000000
1010100101000101010000000000000000000
1010010010101000000000000000000000000
0010100000001001010100000000000000000
1010100101000001010101000000000000000
1010101000100101000101000000000000000
1010010101010001000000000000000000000
1000010100001010101000000000000000000
1010001001001000100000000000000000000
1010001010101001000000000000000000000
1010101000101010001000000000000000000
1010001010000100100000000000000000000
1010101001001010001000000000000000000
1000010101010100100000100000000000000
1000101000010100010000000000000000000
1010010010101001000000000000000000000
1010101010000101000100000000000000000
1010010100010010001010000000000000000
1010101010101010100000000000000000000
0101010101001000100000000000000000000
1010101000010001000000000000000000000
0010010101000000000100000000000000000
1000000100001000100000000000000000000
0010101010000001010001000000000000000
0000101010010101001000000000000000000
1010101000101010010000000000000000000
0100010010101010100000000000000000000
1010001000101010010000000000000000000
1010101001010010010000000000000000000
1010101010100000010100000000000000000
1010101010100100010000000000000000000
1010001001010100100000000000000000000
1010010101010101010000000000000000000
0000010101010010101000000000000000000
1001010100101010001000000000000000000
0010101010101010001000000000000000000
1000101001001011001000000000000000000
1010101010101000001010000000000000000
0101010101011001001000000000000000000
1001000010101001010100000000000000000
1010101000100001000000000000000000000
1010100001001010100000000000000000000
0010010000010101010100000000000000000
1010101000000101010000000000000000000
1001010101010101010000000000000000000
1010000101010100000000000000000000000
1010010101000101010000000000000000000
0010010101010100100000000000000000000
0010010101010101010000000000000000000
0001010101010101000000000000000000000
0010101001001010100000000000000000000
1001010010010101000000000000000000000
0100001010101001010000000000000000000
1010101001010101010000000000000000000
0100001010010000100000000000000000000
1010010101010100000100000000000000000
1010101001001010100000000000000000000
1010010000101001000000000000000000000
1000000010100101010000000000000000000
1001010101010100101000000000000000000
1010101010100010100000000000000000000
1000010010010101000000000000000000000
1010010101010101001000000000000000000
1010010000000010010000000000000000000
0101010010001001010000000000000000000
1010001010100101001000000000000000000
1001010001001001000000000000000000000
1010000000101000001000000000000000000
1010001000001001000000000000000000000
1000101010000101010000000000000000000
1001010010101010100000000000000000000
0010010010101010100000000000000000000
0100010101010000100000000000000000000
1010010100101010000100000000000000000
1010101000010101001001000000000000000
1010010001010101010000000000000000000
1010010010101010100000000000000000000
1010101000100101010100000000000000000
0010101000001001010000000000000000000
0100101010100010010000000000000000000
1010010101010100010000000000000000000
0100101000100010010000000000000000000
1010010101010101000100000000000000000
0010010010101010101000000000000000000
1010010001010001000000000000000000000
1010010000101010101000000000000000000
1010010101001001000000000000000000000
1000010010101010000010000000000000000
1000010101010000100000000000000000000
0101010010101010100000000000000000000
1010000010001010100100000000000000000
1010010001010101010000000000000000000
1010010010001010000000000000000000000
1010101001001010100000000000000000000
1000101010101000000100000000000000000
0010010010010101000000000000000000000
1010101001010000010000000000000000000
0000001000100010100100000000000000000
0010101000001000100000000000000000000
0101010100010010000000000000000000000
1010001010001001000000000000000000000
0000010101010001010100000000000000000
1010010010000101000000000000000000000
1010001001000000100000000000000000000
1010000010010101001000000000000000000
1010010010100101000000000000000000000
1010101010100000001000000000000000000
1010101000101010000010000000000000000
1010101010100100100000000000000000000
1010101010101010101000000000000000000
0010101001010101000100000000000000000
1010001000100101010100000000000000000
1001010010010010000000000000000000000
1010101001001010100000000000000000000
1000010001001000010000000000000000000
1001010100100000001000000000000000000
0100100010010100010000000000000000000
1010001010101010101010010000000000000
1010101001001000101000000000000000000
1000010101000000100000000000000000000
1010001010101010010000000000000000000
0100000010000010100000000000000000000
1010000100010100000000000000000000000
1001010101010100100000000000000000000
1010101000010100001000000000000000000
1000010001001010100000000000000000000
1010001010010000000000000000000000000
1010001001001000100000000000000000000
1010100010100101010000000000000000000
1010010000101001000000000000000000000
0100101010010000000000000000000000000
1010001010100101000000000000000000000
0000010010001010101000000000000000000
1001010100010010010000000000000000000
0000001000100100000000000000000000000
1010000010010101000000000000000000000
0100001010010010000000000000000000000
1000001010010010010100000000000000000
1001010000010010000000000000000000000
0010010000100010010000000000000000000
1010001001010101010100000000000000000
1010001001000000010000000000000000000
1000100000100100000000000000000000000
1010010101010100001000000000000000000
1010000010010101010000000000000000000
1001010001000000000000000000000000000
1010001010100000000000000000000000000
1000000000000000000000000000000000000
0000000000000010000000000000000000000
1000000000010100000000000000000000000
0010010100101000101010000000000000000
0010010000100100000000000000000000000
1000010001000000000000000000000000000
0000000000101010000000000000000000000
1010000100000000000000000000000000000
1010101010101010010000000000000000000
1010101010100100000000000000000000000
1010101010100000100010000000000000000
0010010001001001000000000000000000000
1010101010101010010000000000000000000
1000010010010101010000000000000000000
0010001010101010101000000000000000000
1000101001001001000000000000000000000
1010001001000100100000000000000000000
0100101010101001000000000000000000000
0100100101000010000000000000000000000
1001010010010101000000000000000000000
1010010010000010000000000000000000000
1010000010010010000000000000000000000
0100101000001001000000000000000000000
1010010101011010100100000000000000000
1010010000101001000000000000000000000
1010010001010001000000000000000000000
1000010010101010100000000000000000000
0100000010010010000000000000000000000
1010101001001010100000000000000000000
1000000000100000101000000000000000000
1010101001001000100000000000000000000
1010101001010100101000000000000000000
1010101010100010100000000000000000000
0000001010101010010000000000000000000
0000100010100100000000000000000000000
1010101001001000100000000000000000000
1010101010100010010000000000000000000
0101010101010101010000000000000000000
0100000001001010100000000000000000000
1010000100101010100000000000000000000
1010001001010101010100000000000000000
1010001000000010101000000000000000000
1010101010100000000010000000000000000
0000101010100001010100000000000000000
1010101001010001010100000000000000000
0010101000100010010000000000000000000
1010010001001010100000000000000000000
1010010010001001000000000000000000000
1010100010100001010010000000000000000
1010010010001000100000000000000000000
1010101010000000010000000000000000000
0000000000000010100001000000000000000
1000101010101001000000000000000000000
0010010010010100010000000000000000000
1001010101010100010100000000000000000
0000000001010010000000000000000000000
0000000101010101001000000000000000000
1010000000010101001000000000000000000
1010100010100100100000000000000000000
1010101010101010010000000000000000000
1010101010101001010100000000000000000
1001010000101000010000000000000000000
1010100010010101001000000000000000000
1001010101001001000000000000000000000
1010101010100100100000000000000000000
1010100010101000001000100000000000000
1010101010100101001000000000000000000
1000100101010010001000000000000000000
1010001010100101010000000000000000000
1001010010000010010000000000000000000
1010001010100100000100000000000000000
1010000001010101000000000000000000000
1010010000010000010000000000000000000
0010001010100010010000000000000000000
0010001000100100100000000000000000000
0010000010010101000000000000000000000
1010000100100100000000000000000000000
1010101010010101010100000000000000000
0010101010100100010000000000000000000
0100101010101000100000000000000000000
1001010001000001000000000000000000000
0010010101010100010100000000000000000
1001010101000001010100000000000000000
1010101010100100100000000000000000000
1010001010010101000001000000000000000
1010010100001010100000000000000000000
1010001001010100000000000000000000000
1010100101001001000000000000000000000
1010101001000101010000000000000000000
1010101001010100100000000000000000000
1010101010100100100000000000000000000
0000001010101010001000000000000000000
1010100101010101010101000000000000000
1010010010001010000000000000000000000
1010101010100101010100000000000000000
1010010001001010100000000000000000000
0010101010100100100000000000000000000
1000101001010100100000000000000000000
1000010101010101001000000000000000000
1010001010100101010000000000000000000
1010010101010010000100000000000000000
1010010000010101010000000000000000000
1000101010000100000000000000000000000
1010001010100100001000000000000000000
1010001000101010101010000000000000000
1001010101010101010010000000000000000
1010101001010010010000000000000000000
1000000010101010100000000000000000000
1010010101010101010000000000000000000
1001010100101000001000000000000000000
1010101000101010101000000000000000000
1010001000101010010000000000000000000
1010001001010100100000000000000000000
1010001001010100100000000000000000000
0100101010101010100000000000000000000
1010001010010101010100000000000000000
1010010010101010010000000000000000000
1010101001010100100000000000000000000
1010101010101010010100000000000000000
1010101010100001000000000000000000000
0010101010010101010100000000000000000
1010010100101010100000000000000000000
0010101010101000101000000000000000000
1010101010100010010000000000000000000
0101010101010100100000000000000000000
1010101010101010101010000000000000000
1010010101010101001000000000000000000
0010010010010101000000000000000000000
1001010101000100100000000000000000000
1010100000101010101000000000000000000
1010001010100101010000000000000000000
1010010010010010000000000000000000000
1010010101001001000000000000000000000
1010101000101010100000000000000000000
1010100100101010000000000000000000000
1010101010100010010000000000000000000
1010100101010010101000000000000000000
1010101000101010101000000000000000000
1010001010101010000000000000000000000
1010101010010101000100000000000000000
0100101000000101010000000000000000000
1001010100100000010000000000000000000
1010100100101010101010000000000000000
0101010101010101010000000000000000000
0010100000001010000000000000000000000
1010101000101010101000000000000000000
1010101000101010100000000000000000000
1010001010001000100100000000000000000
1010100100001010101000000000000000000
1010101010101010010000000000000000000
0010010101010010000000000000000000000
1010010010010101010000000000000000000
1010001000101010001000000000000000000
